[Calibration]
CALPosX=497.120
CALPosY=79.048
CalRatio_X=-0.000000224
CalRatio_Y=0.000000000
